20130801,37.4900,38.2900,36.9200,37.3000,106066496
20130802,38.0500,38.4900,37.5000,37.6600,73058496
20130805,39.1900,39.3200,38.2500,38.4300,79994800
20130806,38.5500,39.2500,37.9400,39.1100,63950800
20130807,38.8700,38.9400,37.7000,38.6100,68854800
20130808,38.5400,39.1900,38.4300,39.1300,41301000
20130809,38.5000,38.7400,38.0100,38.5900,43532300
20130812,38.2200,38.5000,38.1000,38.2000,31161000
20130813,37.0200,38.3200,36.7700,38.2400,65379200
20130814,36.6500,37.5500,36.6200,36.8300,48423900
20130815,36.5600,37.0700,36.0200,36.3600,56521100
20130816,37.0800,37.4900,36.9000,36.9700,45840800
20130819,37.8100,38.2800,37.1400,37.4300,57609600
20130820,38.4100,38.5800,37.6900,38.3500,57995200
20130821,38.3200,38.8500,38.1500,38.3800,46116900
20130822,38.5500,38.7500,38.3400,38.3700,21931200
20130823,40.5500,40.6300,38.9300,39.0000,86442304
20130826,41.3400,41.9400,40.6200,40.9000,94162400
20130827,39.6400,41.2000,39.4200,40.6800,72695104
20130828,40.5500,40.8500,39.8800,39.9600,57918200
20130829,41.2800,41.7800,40.8000,40.8900,58303400
20130830,41.2900,42.2600,41.0600,42.0200,67735104
20130903,41.8700,42.1600,41.5100,41.8400,48774900
20130904,41.7800,42.1700,41.4400,42.0100,42581900
20130905,42.6600,42.7700,41.7700,41.7900,50035400
20130906,43.9500,44.6100,42.4000,43.0900,117535696
20130909,44.0400,44.7900,43.7000,44.3600,75794704
20130910,43.6000,44.2600,43.2300,44.2400,54540300
20130911,45.0400,45.0900,43.1100,43.3900,72328304
20130912,44.7500,45.6200,44.6500,45.5300,68072304
20130913,44.3100,45.0800,43.9300,45.0400,52765300
20130916,42.5100,44.9400,42.4300,44.8500,70424200
20130917,45.0700,45.4400,42.4300,42.5000,91934600
20130918,45.2300,45.4700,44.4000,44.8400,79317000
20130919,45.9800,46.0500,45.2300,45.5100,63972400
20130920,47.4900,47.6000,45.7400,46.3200,115508400
20130923,47.1900,47.5500,46.2900,47.2800,75177000
20130924,48.4500,49.6600,48.1600,48.5100,136716096
20130925,49.4600,49.5400,48.4600,49.2300,87879696
20130926,50.3900,50.6000,49.5000,50.0100,98220096
20130927,51.2400,51.2800,49.8600,50.2900,81410496
20130930,50.2300,51.6000,49.8000,50.1400,100095000
20131001,50.4200,51.0300,49.4500,49.9700,98114000
20131002,50.2800,51.1000,49.9500,50.1300,62834000
20131003,49.1800,50.7200,49.0600,50.4700,82045000
20131004,51.0400,51.1600,49.5700,49.7700,74447000
20131007,50.5200,51.2900,50.4000,50.7300,57204000
20131008,47.1400,50.6000,47.0800,50.6000,136080992
20131009,46.7700,47.8400,45.2600,47.3800,147296992
20131010,49.0500,49.6800,47.8300,47.8700,99774000
20131011,49.1100,49.8700,48.7900,49.1800,58428000
20131014,49.5100,49.6300,47.9100,48.3100,68781000
20131015,49.5000,51.0000,49.1800,49.9900,81167000
20131016,51.1400,51.2400,49.9000,50.0400,64678000
20131017,52.2100,52.2200,50.9500,51.1200,71522000
20131018,54.2200,54.8300,53.6000,54.1800,88260000
20131021,53.8500,54.8100,53.5100,54.6800,58235000
20131022,52.6800,54.7600,52.2000,54.3300,83204000
20131023,51.9000,52.2500,51.1300,51.7500,57207000
20131024,52.4500,52.8400,51.5900,52.3800,46775000
20131025,51.9500,53.2400,51.8800,53.1800,45085000
20131028,50.2300,51.7000,49.6100,51.5400,73472000
20131029,49.4000,50.7900,49.2500,50.7300,102143000
20131030,49.0100,50.2100,48.7500,50.0000,127073000
20131031,50.2100,52.0000,46.5000,47.1600,248808992
20131101,49.7500,52.0900,49.7200,50.8500,95033000
20131104,48.2200,49.7500,48.0200,49.3700,80371000
20131105,50.1100,50.1800,47.5100,47.7900,76835000
20131106,49.1200,50.4500,48.7100,50.2600,67889000
20131107,47.5600,49.8700,47.3000,49.2400,97128000
20131108,47.5300,48.6500,47.2500,47.8100,70731000
20131111,46.2000,47.5300,45.7300,47.0400,80910000
20131112,46.6100,47.3700,45.8300,46.0000,68196000
20131113,48.7100,48.7400,46.0600,46.2300,79245000
20131114,48.9900,49.5700,48.0300,48.7000,75117000
20131115,49.0100,49.4800,48.7100,49.1100,42453000
20131118,45.8300,48.8400,45.8000,48.4700,85910000
20131119,46.3600,47.0000,45.7200,46.2600,75602000
20131120,46.4300,47.5500,46.3100,46.6100,53933000
20131121,46.7000,47.4600,46.6900,46.9900,34886000
20131122,46.2300,47.2700,45.9600,47.0400,40545000
20131125,44.8200,46.6500,44.0400,46.3600,82565000
20131126,45.8900,46.1700,43.5500,44.6600,82016000
20131127,46.4900,46.6700,45.5300,45.9700,44993000
20131129,47.0100,47.2100,46.5000,46.7500,22953900
20131202,47.0600,47.5400,46.2600,46.9000,50774000
20131203,46.7300,47.2000,46.2900,46.7500,32086000
20131204,48.6200,48.7700,46.2600,46.4600,60890000
20131205,48.3400,48.7000,47.8700,48.1500,43855000
20131206,47.9400,49.3900,47.7100,48.9800,42938000
20131209,48.8400,48.9700,47.7400,48.0900,36056000
20131210,50.2500,50.7700,48.5400,48.6400,68479000
20131211,49.3800,50.7700,49.0100,50.5500,65776000
20131212,51.8300,52.0700,50.6600,51.0500,92723000
20131213,53.3200,53.5000,51.3400,51.6600,82641000
20131216,53.8100,54.5000,52.9100,53.2500,85119000
20131217,54.8600,55.1800,54.2400,54.7600,78751000
20131218,55.5700,55.8900,53.7500,54.8600,76003000
20131219,55.0500,55.1900,53.9500,54.3300,89753200
20131220,55.1200,55.1500,54.2300,54.9300,239824000
20131223,57.7700,58.3200,55.4500,55.5000,98297000
20131224,57.9600,58.5800,56.9100,58.2700,46617800
20131226,57.7300,58.3800,57.3700,58.3200,55101000
20131227,55.4400,57.6800,55.2500,57.4800,60466000
20131230,53.7100,55.1800,53.4300,54.9300,68307000
20131231,54.6500,54.8600,53.9100,54.1200,43076200
20140102,54.7100,55.2200,54.1900,54.8300,43195500
20140103,54.5600,55.6500,54.5300,55.0200,38246200
20140106,57.2000,57.2600,54.0500,54.4200,68852600
20140107,57.9200,58.5500,57.2200,57.7000,77207400
20140108,58.2300,58.4100,57.2300,57.6000,56682400
20140109,57.2200,58.9600,56.6500,58.6500,92253296
20140110,57.9400,58.3000,57.0600,57.1300,42449500
20140113,55.9100,58.2500,55.3800,57.9100,63010900
20140114,57.7400,57.7800,56.1000,56.4600,37503600
20140115,57.6000,58.5700,57.2700,57.9800,33663400
20140116,57.1900,58.0200,56.8300,57.2600,34541800
20140117,56.3000,57.8200,56.0700,57.3000,40849200
20140121,58.5100,58.5800,56.5000,56.6000,48669200
20140122,57.5100,59.3100,57.1000,58.8500,61352900
20140123,56.6300,56.6800,55.6900,56.3700,47951800
20140124,54.4500,56.4200,54.4000,56.1500,55200700
20140127,53.5500,54.9400,51.8500,54.7300,73924096
20140128,55.1400,55.2800,54.0000,54.0200,48191200
20140129,53.5300,54.9500,53.1900,54.6100,92995600
20140130,61.0800,62.5000,60.4600,62.1200,150178896
20140131,62.5700,63.3700,60.1700,60.4700,87794600
20140203,61.4800,63.7700,60.7000,63.0300,74866600
20140204,62.7500,63.1400,61.8200,62.0500,45985500
20140205,62.1900,63.1600,61.2700,62.7400,51685100
20140206,62.1600,62.7800,61.4600,61.4600,42086500
20140207,64.3200,64.5700,62.2200,62.2700,60704300
20140210,63.5500,64.4900,63.4700,64.3000,43666100
20140211,64.8500,65.0000,63.3500,63.7500,45675600
20140212,64.4500,65.0600,64.0500,64.9200,47282100
20140213,67.3300,67.3300,64.0500,64.1800,61911700
20140214,67.0900,67.5800,66.7200,67.5000,36694900
20140218,67.3000,67.5400,66.0700,66.9400,43809900
20140219,68.0600,69.0800,67.0000,67.0500,62087100
20140220,69.6300,70.1100,65.7300,67.7300,130928896
20140221,68.5900,69.9600,68.4500,69.6900,70932400
20140224,70.7800,71.4400,68.5400,68.7400,76620304
20140225,69.8500,71.0000,69.4500,70.9500,52077000
20140226,69.2600,71.2200,68.8500,70.1900,55322700
20140227,68.9400,70.0100,68.8700,69.3400,41653700
20140228,68.4600,69.8800,67.3800,69.4700,66783700
20140303,67.4100,68.0500,66.5100,66.9600,56824100
20140304,68.8000,68.9000,67.6200,68.6600,42013500
20140305,71.5700,71.9700,69.6200,69.6900,74567696
20140306,70.8400,71.8900,70.2500,71.8800,46026500
20140307,69.8000,71.1800,69.4700,71.0800,38927000
20140310,72.0300,72.1500,70.5100,70.7700,59871600
20140311,70.1000,72.5900,69.9600,72.5000,59408300
20140312,70.8800,71.3500,69.0000,69.8600,46340500
20140313,68.8300,71.3500,68.1500,71.2900,57091000
20140314,67.7200,69.4300,67.4600,68.4900,48227000
20140317,68.7400,68.9500,66.6200,68.1800,52197000
20140318,69.1900,69.6000,68.3000,68.7600,40827000
20140319,68.2400,69.2900,67.4700,69.1700,43981000
20140320,66.9700,68.2300,66.8200,68.0100,44439000
20140321,67.2400,67.9200,66.1800,67.5300,59999900
20140324,64.1000,67.3600,63.3600,67.1900,85696000
20140325,64.8900,66.1900,63.7800,64.8900,68786000
20140326,60.3900,64.9500,60.3700,64.7400,97503904
20140327,60.9700,61.9000,57.9800,60.5100,112650000
20140328,60.0100,61.9500,59.3400,61.3400,67052000
20140331,60.2400,61.5200,59.8700,60.7800,53011000
20140401,62.6200,62.6600,60.2400,60.4600,59291000
20140402,62.7200,63.9100,62.2100,63.2100,66277000
20140403,59.4900,63.1700,59.1300,62.5500,83859000
20140404,56.7500,60.2000,56.3200,59.9400,125214400
20140407,56.9500,58.0000,55.4400,55.9000,108488000
20140408,58.1900,58.7100,57.1700,57.6800,78836000
20140409,62.4100,62.4600,59.1900,59.6300,100215000
20140410,59.1600,63.1800,58.6800,63.0800,114988000
20140411,58.5300,60.3100,57.3100,57.6000,91452000
20140414,58.8900,60.4500,57.7800,60.0900,72325000
20140415,59.0900,59.6800,55.8800,59.2900,108623000
20140416,59.7200,60.1900,57.7400,59.7900,78774000
20140417,58.9400,60.5800,58.7200,59.3000,88040000
20140421,61.2400,61.2400,59.1500,59.4600,60364000
20140422,63.0300,63.4400,62.2200,62.6500,60631000
20140423,61.3600,63.4800,61.2600,63.4500,96565000
20140424,60.8700,63.6500,59.7700,63.6000,138768992
20140425,57.7100,60.0100,57.5700,59.9700,92502000
20140428,56.1400,58.3100,54.6600,58.0500,107758000
20140429,58.1500,58.2800,55.8400,56.0900,75557000
20140430,59.7800,59.8500,57.1600,57.5800,76093000
20140501,61.1500,62.2800,60.2100,60.4300,82429000
20140502,60.4600,61.8900,60.1800,61.3000,54189000
20140505,61.2200,61.3500,59.1800,59.6700,46057000
20140506,58.5300,61.1500,58.4900,60.9800,55901000
20140507,57.3900,59.3000,56.2600,58.7700,78587000
20140508,56.7600,58.8200,56.5000,57.2300,61251000
20140509,57.2400,57.6500,56.3800,56.8500,52584000
20140512,59.8300,59.9000,57.9800,57.9800,48575000
20140513,59.8300,60.8900,59.5100,59.6600,48525000
20140514,59.2300,60.4500,58.9500,59.5300,47429000
20140515,57.9200,59.3800,57.5200,59.2600,56814000
20140516,58.0200,58.4500,57.3100,58.3100,47933000
20140519,59.2100,59.5600,57.5700,57.8900,43034000
20140520,58.5600,60.1900,58.1800,59.5000,53931000
20140521,60.4900,60.5000,58.2500,58.5600,58992000
20140522,60.5200,61.4800,60.4000,60.9400,54200000
20140523,61.3500,61.4500,60.1500,60.4100,38294000
20140527,63.4800,63.5100,61.5700,61.6200,55682000
20140528,63.5100,64.1400,62.6200,63.3900,47795000
20140529,63.8300,64.3000,63.5100,63.8400,42700000
20140530,63.3000,64.1700,62.5600,63.9500,45253500
20140602,63.0800,63.5900,62.0500,63.2300,35947400
20140603,62.8700,63.4200,62.3200,62.6200,32217000
20140604,63.3400,63.5900,62.0700,62.4500,36514000
20140605,63.1900,64.3600,62.8200,63.6600,47352000
20140606,62.5000,63.4800,62.1500,63.3700,42386300
20140609,62.8800,63.3400,61.7900,62.4000,37573600
20140610,65.7700,65.8200,63.5000,63.5300,69206896
20140611,65.7800,65.8000,64.9000,65.3200,44158300
20140612,64.2900,66.4700,64.0600,65.8500,55642800
20140613,64.5000,64.9700,63.8300,64.7000,29383800
20140616,64.1900,64.8800,63.7500,64.1600,30856800
20140617,64.4000,64.8800,63.9300,64.1000,27636500
20140618,65.6000,65.7500,64.0500,64.4900,35493200
20140619,64.3400,65.5800,64.2100,65.4600,34133800
20140620,64.5000,64.8100,63.3500,64.4600,46407900
20140623,65.3700,65.6600,64.2200,64.3200,34434000
20140624,65.7200,67.1700,65.2700,65.3600,57284100
20140625,67.4400,67.4800,65.5700,65.5800,44245500
20140626,67.1300,68.0000,66.9000,68.0000,47646700
20140627,67.6000,67.7000,66.8400,67.3100,46444300
20140630,67.2900,67.9200,67.1300,67.4600,27102800
20140701,68.0600,68.4400,67.3900,67.5800,33166100
20140702,66.4500,68.3000,65.7900,68.0400,41805900
20140703,66.2900,67.0000,65.7600,66.8600,25203200
20140707,65.2900,66.5700,65.1200,66.3000,28707100
20140708,62.7600,65.5600,62.2100,65.0600,68855600
20140709,64.9700,65.1200,63.1500,63.4100,51378000
20140710,64.8700,65.3400,63.0500,63.3100,44388200
20140711,66.3400,66.5900,64.7900,65.2800,39167800
20140714,67.9000,68.1700,66.9000,67.1300,38468000
20140715,67.1700,68.0900,66.2600,67.9600,44213200
20140716,67.6600,67.9400,67.0700,67.5400,29541600
20140717,66.4100,67.8500,66.0400,67.0300,38024200
20140718,68.4200,68.4600,66.1600,66.8000,42262200
20140721,69.4000,69.9600,68.5000,68.8100,49431600
20140722,69.2700,69.7700,68.6100,69.7600,40301800
20140723,71.2900,71.3300,69.6100,69.7400,77435904
20140724,74.9800,76.7400,74.5100,75.9600,124006896
20140725,75.1900,75.6700,74.6600,74.9900,45823100
20140728,74.9200,75.5000,73.8500,75.1700,41640000
20140729,73.7100,74.9200,73.4200,74.7200,41126900
20140730,74.6800,75.1900,74.1300,74.2100,36823000
20140731,72.6500,74.1700,72.4400,74.0000,43909200
